GRU accuracy results:
next-item/ndcg_at_10:0.6658735275268555
next-item/ndcg_at_20:0.6702532172203064
next-item/recall_at_10:0.685728907585144
next-item/recall_at_20:0.7031410336494446
